5:0.5022
4:0.5022
3:0.5022
0:0.5019
1:0.5019
2:0.5019
8:0.5005
9:0.5005
7:0.5005
6:0.5005
4,5:0.5022
3,4:0.5022
3,5:0.5022
3,4,5:0.5022
0,3:0.2514
0,4:0.2514
0,5:0.2514
0,3,4:0.2514
0,3,5:0.2514
0,4,5:0.2514
0,3,4,5:0.2514
0,1:0.5019
1,3:0.2514
1,4:0.2514
1,5:0.2514
0,1,3:0.2514
0,1,4:0.2514
0,1,5:0.2514
1,3,4:0.2514
1,3,5:0.2514
1,4,5:0.2514
0,1,3,4:0.2514
0,1,3,5:0.2514
0,1,4,5:0.2514
1,3,4,5:0.2514
0,1,3,4,5:0.2514
1,2:0.5019
0,2:0.5019
2,3:0.2514
2,4:0.2514
2,5:0.2514
0,1,2:0.5019
1,2,3:0.2514
1,2,4:0.2514
1,2,5:0.2514
0,2,3:0.2514
0,2,4:0.2514
0,2,5:0.2514
2,3,4:0.2514
2,3,5:0.2514
2,4,5:0.2514
0,1,2,3:0.2514
0,1,2,4:0.2514
0,1,2,5:0.2514
1,2,3,4:0.2514
1,2,3,5:0.2514
1,2,4,5:0.2514
0,2,3,4:0.2514
0,2,3,5:0.2514
0,2,4,5:0.2514
2,3,4,5:0.2514
0,1,2,3,4:0.2514
0,1,2,3,5:0.2514
0,1,2,4,5:0.2514
1,2,3,4,5:0.2514
0,2,3,4,5:0.2514
0,1,2,3,4,5:0.2514
3,8:0.2518
4,8:0.2518
5,8:0.2518
2,8:0.2517
1,8:0.2517
0,8:0.2517
3,4,8:0.2518
4,5,8:0.2518
3,5,8:0.2518
3,4,5,8:0.2518
1,2,8:0.2517
0,1,8:0.2517
0,2,8:0.2517
0,1,2,8:0.2517
8,9:0.5005
3,9:0.2518
4,9:0.2518
5,9:0.2518
2,9:0.2517
1,9:0.2517
0,9:0.2517
3,8,9:0.2518
3,4,9:0.2518
4,8,9:0.2518
3,4,8,9:0.2518
4,5,9:0.2518
3,5,9:0.2518
5,8,9:0.2518
3,4,5,9:0.2518
4,5,8,9:0.2518
3,5,8,9:0.2518
3,4,5,8,9:0.2518
2,8,9:0.2517
1,2,9:0.2517
1,8,9:0.2517
1,2,8,9:0.2517
0,1,9:0.2517
0,2,9:0.2517
0,8,9:0.2517
0,1,2,9:0.2517
0,1,8,9:0.2517
0,2,8,9:0.2517
0,1,2,8,9:0.2517
7,9:0.5005
7,8:0.5005
3,7:0.2518
4,7:0.2518
5,7:0.2518
2,7:0.2517
1,7:0.2517
0,7:0.2517
7,8,9:0.5005
3,7,8:0.2518
3,7,9:0.2518
3,7,8,9:0.2518
3,4,7:0.2518
4,7,8:0.2518
4,7,9:0.2518
3,4,7,8:0.2518
3,4,7,9:0.2518
4,7,8,9:0.2518
3,4,7,8,9:0.2518
4,5,7:0.2518
3,5,7:0.2518
5,7,8:0.2518
5,7,9:0.2518
3,4,5,7:0.2518
4,5,7,8:0.2518
4,5,7,9:0.2518
3,5,7,8:0.2518
3,5,7,9:0.2518
5,7,8,9:0.2518
3,4,5,7,8:0.2518
3,4,5,7,9:0.2518
4,5,7,8,9:0.2518
3,5,7,8,9:0.2518
3,4,5,7,8,9:0.2518
2,7,8:0.2517
2,7,9:0.2517
2,7,8,9:0.2517
1,2,7:0.2517
1,7,8:0.2517
1,7,9:0.2517
1,2,7,8:0.2517
1,2,7,9:0.2517
1,7,8,9:0.2517
1,2,7,8,9:0.2517
0,1,7:0.2517
0,2,7:0.2517
0,7,8:0.2517
0,7,9:0.2517
0,1,2,7:0.2517
0,1,7,8:0.2517
0,1,7,9:0.2517
0,2,7,8:0.2517
0,2,7,9:0.2517
0,7,8,9:0.2517
0,1,2,7,8:0.2517
0,1,2,7,9:0.2517
0,1,7,8,9:0.2517
0,2,7,8,9:0.2517
0,1,2,7,8,9:0.2517
6,7:0.5005
6,9:0.5005
6,8:0.5005
3,6:0.2518
4,6:0.2518
5,6:0.2518
2,6:0.2517
1,6:0.2517
0,6:0.2517
6,7,9:0.5005
6,8,9:0.5005
6,7,8:0.5005
6,7,8,9:0.5005
3,6,8:0.2518
3,6,9:0.2518
3,6,7:0.2518
3,6,8,9:0.2518
3,6,7,8:0.2518
3,6,7,9:0.2518
3,6,7,8,9:0.2518
3,4,6:0.2518
4,6,8:0.2518
4,6,9:0.2518
4,6,7:0.2518
3,4,6,8:0.2518
3,4,6,9:0.2518
3,4,6,7:0.2518
4,6,8,9:0.2518
4,6,7,8:0.2518
4,6,7,9:0.2518
3,4,6,8,9:0.2518
3,4,6,7,8:0.2518
3,4,6,7,9:0.2518
4,6,7,8,9:0.2518
3,4,6,7,8,9:0.2518
4,5,6:0.2518
3,5,6:0.2518
5,6,8:0.2518
5,6,9:0.2518
5,6,7:0.2518
3,4,5,6:0.2518
4,5,6,8:0.2518
4,5,6,9:0.2518
4,5,6,7:0.2518
3,5,6,8:0.2518
3,5,6,9:0.2518
3,5,6,7:0.2518
5,6,8,9:0.2518
5,6,7,8:0.2518
5,6,7,9:0.2518
3,4,5,6,8:0.2518
3,4,5,6,9:0.2518
3,4,5,6,7:0.2518
4,5,6,8,9:0.2518
4,5,6,7,8:0.2518
4,5,6,7,9:0.2518
3,5,6,8,9:0.2518
3,5,6,7,8:0.2518
3,5,6,7,9:0.2518
5,6,7,8,9:0.2518
3,4,5,6,8,9:0.2518
3,4,5,6,7,8:0.2518
3,4,5,6,7,9:0.2518
4,5,6,7,8,9:0.2518
3,5,6,7,8,9:0.2518
3,4,5,6,7,8,9:0.2518
2,6,8:0.2517
2,6,9:0.2517
2,6,7:0.2517
2,6,8,9:0.2517
2,6,7,8:0.2517
2,6,7,9:0.2517
2,6,7,8,9:0.2517
1,2,6:0.2517
1,6,8:0.2517
1,6,9:0.2517
1,6,7:0.2517
1,2,6,8:0.2517
1,2,6,9:0.2517
1,2,6,7:0.2517
1,6,8,9:0.2517
1,6,7,8:0.2517
1,6,7,9:0.2517
1,2,6,8,9:0.2517
1,2,6,7,8:0.2517
1,2,6,7,9:0.2517
1,6,7,8,9:0.2517
1,2,6,7,8,9:0.2517
0,1,6:0.2517
0,2,6:0.2517
0,6,8:0.2517
0,6,9:0.2517
0,6,7:0.2517
0,1,2,6:0.2517
0,1,6,8:0.2517
0,1,6,9:0.2517
0,1,6,7:0.2517
0,2,6,8:0.2517
0,2,6,9:0.2517
0,2,6,7:0.2517
0,6,8,9:0.2517
0,6,7,8:0.2517
0,6,7,9:0.2517
0,1,2,6,8:0.2517
0,1,2,6,9:0.2517
0,1,2,6,7:0.2517
0,1,6,8,9:0.2517
0,1,6,7,8:0.2517
0,1,6,7,9:0.2517
0,2,6,8,9:0.2517
0,2,6,7,8:0.2517
0,2,6,7,9:0.2517
0,6,7,8,9:0.2517
0,1,2,6,8,9:0.2517
0,1,2,6,7,8:0.2517
0,1,2,6,7,9:0.2517
0,1,6,7,8,9:0.2517
0,2,6,7,8,9:0.2517
0,1,2,6,7,8,9:0.2517
